10,314
10,4
10,162
10,96
10,286
10,140
10,206
10,172
11,30
11,8
11,14
11,18
11,26
9,4
9,6
8,12
8,15
8,9
8,7
8,11
47,3
47,2
47,1
47,0
45,5
45,4
45,3
45,2
45,1
45,0
41,5
41,4
41,3
41,2
41,1
41,0
39,4
39,3
39,2
39,1
39,0
37,3
37,2
37,1
37,0
36,3
36,2
36,1
36,0
35,4
35,3
35,2
35,1
35,0
32,4
32,3
32,2
32,1
32,0
20,3
20,2
20,1
19,3
19,2
19,1
18,3
18,1
12,3
12,2
12,1
11,22
11,19
11,17
11,16
11,13
11,11
11,10
11,4
11,3
11,2
11,1
10,267
10,241
10,213
10,209
10,199
10,183
10,153
10,7
10,3
10,2
10,1
9,7
9,5
9,3
9,2
9,1
8,17
8,16
8,13
8,10
8,6
8,5
8,3
8,2
